90.33333333333333
61.0
61.0
50.666666666666664
68.33333333333333
82.66666666666667
69.33333333333333
79.66666666666667
87.66666666666667
64.33333333333333
70.0
68.0
67.33333333333333
70.33333333333333
55.0
76.33333333333333
85.0
44.333333333333336
78.0
49.666666666666664
64.33333333333333
58.0
59.666666666666664
80.66666666666667
57.333333333333336
36.666666666666664
59.333333333333336
50.333333333333336
93.33333333333333
57.666666666666664
67.0
83.66666666666667
58.333333333333336
42.666666666666664
66.33333333333333
53.333333333333336
51.333333333333336
51.666666666666664
61.0
76.33333333333333
75.33333333333333
61.0
55.333333333333336
70.0
58.0
58.666666666666664
77.0
70.0
46.333333333333336
60.0
64.66666666666667
63.0
64.33333333333333
61.0
25.0
62.666666666666664
50.333333333333336
62.666666666666664
45.666666666666664
73.0
71.66666666666667
97.0
80.33333333333333
66.0
65.0
69.66666666666667
71.0
71.0
69.13235294117646 65.5 59.64705882352941 